4.000000000000000000e+01 5.000000000000000000e+04 5.000000000000000000e+00 1.000000000000000000e+00 1.000000000000000048e-04 1.000000000000000048e-04 1.925408834888736901e-04 3.850817669777473803e-04 1.000000000000000000e+07 1.000000000000000000e+06
4.000000000000000000e+01 5.000000000000000000e+04 5.500000000000000000e+00 1.000000000000000000e+00 1.000000000000000048e-04 1.000000000000000048e-04 1.925408834888736901e-04 3.850817669777473803e-04 1.000000000000000000e+07 1.000000000000000000e+06
4.000000000000000000e+01 5.000000000000000000e+04 6.000000000000000000e+00 1.000000000000000000e+00 1.000000000000000048e-04 1.000000000000000048e-04 1.925408834888736901e-04 3.850817669777473803e-04 1.000000000000000000e+07 1.000000000000000000e+06
4.000000000000000000e+01 5.000000000000000000e+04 6.500000000000000000e+00 1.000000000000000000e+00 1.000000000000000048e-04 1.000000000000000048e-04 1.925408834888736901e-04 3.850817669777473803e-04 1.000000000000000000e+07 1.000000000000000000e+06
4.000000000000000000e+01 5.000000000000000000e+04 7.000000000000000000e+00 1.000000000000000000e+00 1.000000000000000048e-04 1.000000000000000048e-04 1.925408834888736901e-04 3.850817669777473803e-04 1.000000000000000000e+07 1.000000000000000000e+06
4.000000000000000000e+01 5.000000000000000000e+04 7.500000000000000000e+00 1.000000000000000000e+00 1.000000000000000048e-04 1.000000000000000048e-04 1.925408834888736901e-04 3.850817669777473803e-04 1.000000000000000000e+07 1.000000000000000000e+06
4.000000000000000000e+01 5.000000000000000000e+04 8.000000000000000000e+00 1.000000000000000000e+00 1.000000000000000048e-04 1.000000000000000048e-04 1.925408834888736901e-04 3.850817669777473803e-04 1.000000000000000000e+07 1.000000000000000000e+06
4.000000000000000000e+01 5.000000000000000000e+04 8.500000000000000000e+00 1.000000000000000000e+00 1.000000000000000048e-04 1.000000000000000048e-04 1.925408834888736901e-04 3.850817669777473803e-04 1.000000000000000000e+07 1.000000000000000000e+06
4.000000000000000000e+01 5.000000000000000000e+04 9.000000000000000000e+00 1.000000000000000000e+00 1.000000000000000048e-04 1.000000000000000048e-04 1.925408834888736901e-04 3.850817669777473803e-04 1.000000000000000000e+07 1.000000000000000000e+06
4.000000000000000000e+01 5.000000000000000000e+04 9.500000000000000000e+00 1.000000000000000000e+00 1.000000000000000048e-04 1.000000000000000048e-04 1.925408834888736901e-04 3.850817669777473803e-04 1.000000000000000000e+07 1.000000000000000000e+06
4.000000000000000000e+01 5.000000000000000000e+04 1.000000000000000000e+01 1.000000000000000000e+00 1.000000000000000048e-04 1.000000000000000048e-04 1.925408834888736901e-04 3.850817669777473803e-04 1.000000000000000000e+07 1.000000000000000000e+06
4.000000000000000000e+01 5.000000000000000000e+04 1.050000000000000000e+01 1.000000000000000000e+00 1.000000000000000048e-04 1.000000000000000048e-04 1.925408834888736901e-04 3.850817669777473803e-04 1.000000000000000000e+07 1.000000000000000000e+06
4.000000000000000000e+01 5.000000000000000000e+04 1.100000000000000000e+01 1.000000000000000000e+00 1.000000000000000048e-04 1.000000000000000048e-04 1.925408834888736901e-04 3.850817669777473803e-04 1.000000000000000000e+07 1.000000000000000000e+06
4.000000000000000000e+01 5.000000000000000000e+04 1.150000000000000000e+01 1.000000000000000000e+00 1.000000000000000048e-04 1.000000000000000048e-04 1.925408834888736901e-04 3.850817669777473803e-04 1.000000000000000000e+07 1.000000000000000000e+06
4.000000000000000000e+01 5.000000000000000000e+04 1.200000000000000000e+01 1.000000000000000000e+00 1.000000000000000048e-04 1.000000000000000048e-04 1.925408834888736901e-04 3.850817669777473803e-04 1.000000000000000000e+07 1.000000000000000000e+06
4.000000000000000000e+01 5.000000000000000000e+04 1.250000000000000000e+01 1.000000000000000000e+00 1.000000000000000048e-04 1.000000000000000048e-04 1.925408834888736901e-04 3.850817669777473803e-04 1.000000000000000000e+07 1.000000000000000000e+06
4.000000000000000000e+01 5.000000000000000000e+04 1.300000000000000000e+01 1.000000000000000000e+00 1.000000000000000048e-04 1.000000000000000048e-04 1.925408834888736901e-04 3.850817669777473803e-04 1.000000000000000000e+07 1.000000000000000000e+06
4.000000000000000000e+01 5.000000000000000000e+04 1.350000000000000000e+01 1.000000000000000000e+00 1.000000000000000048e-04 1.000000000000000048e-04 1.925408834888736901e-04 3.850817669777473803e-04 1.000000000000000000e+07 1.000000000000000000e+06
4.000000000000000000e+01 5.000000000000000000e+04 1.400000000000000000e+01 1.000000000000000000e+00 1.000000000000000048e-04 1.000000000000000048e-04 1.925408834888736901e-04 3.850817669777473803e-04 1.000000000000000000e+07 1.000000000000000000e+06
4.000000000000000000e+01 5.000000000000000000e+04 1.450000000000000000e+01 1.000000000000000000e+00 1.000000000000000048e-04 1.000000000000000048e-04 1.925408834888736901e-04 3.850817669777473803e-04 1.000000000000000000e+07 1.000000000000000000e+06
4.000000000000000000e+01 5.000000000000000000e+04 1.500000000000000000e+01 1.000000000000000000e+00 1.000000000000000048e-04 1.000000000000000048e-04 1.925408834888736901e-04 3.850817669777473803e-04 1.000000000000000000e+07 1.000000000000000000e+06
4.000000000000000000e+01 5.000000000000000000e+04 1.550000000000000000e+01 1.000000000000000000e+00 1.000000000000000048e-04 1.000000000000000048e-04 1.925408834888736901e-04 3.850817669777473803e-04 1.000000000000000000e+07 1.000000000000000000e+06
4.000000000000000000e+01 5.000000000000000000e+04 1.600000000000000000e+01 1.000000000000000000e+00 1.000000000000000048e-04 1.000000000000000048e-04 1.925408834888736901e-04 3.850817669777473803e-04 1.000000000000000000e+07 1.000000000000000000e+06
4.000000000000000000e+01 5.000000000000000000e+04 1.650000000000000000e+01 1.000000000000000000e+00 1.000000000000000048e-04 1.000000000000000048e-04 1.925408834888736901e-04 3.850817669777473803e-04 1.000000000000000000e+07 1.000000000000000000e+06
4.000000000000000000e+01 5.000000000000000000e+04 1.700000000000000000e+01 1.000000000000000000e+00 1.000000000000000048e-04 1.000000000000000048e-04 1.925408834888736901e-04 3.850817669777473803e-04 1.000000000000000000e+07 1.000000000000000000e+06
4.000000000000000000e+01 5.000000000000000000e+04 1.750000000000000000e+01 1.000000000000000000e+00 1.000000000000000048e-04 1.000000000000000048e-04 1.925408834888736901e-04 3.850817669777473803e-04 1.000000000000000000e+07 1.000000000000000000e+06
4.000000000000000000e+01 5.000000000000000000e+04 1.800000000000000000e+01 1.000000000000000000e+00 1.000000000000000048e-04 1.000000000000000048e-04 1.925408834888736901e-04 3.850817669777473803e-04 1.000000000000000000e+07 1.000000000000000000e+06
4.000000000000000000e+01 5.000000000000000000e+04 1.850000000000000000e+01 1.000000000000000000e+00 1.000000000000000048e-04 1.000000000000000048e-04 1.925408834888736901e-04 3.850817669777473803e-04 1.000000000000000000e+07 1.000000000000000000e+06
4.000000000000000000e+01 5.000000000000000000e+04 1.900000000000000000e+01 1.000000000000000000e+00 1.000000000000000048e-04 1.000000000000000048e-04 1.925408834888736901e-04 3.850817669777473803e-04 1.000000000000000000e+07 1.000000000000000000e+06
4.000000000000000000e+01 5.000000000000000000e+04 1.950000000000000000e+01 1.000000000000000000e+00 1.000000000000000048e-04 1.000000000000000048e-04 1.925408834888736901e-04 3.850817669777473803e-04 1.000000000000000000e+07 1.000000000000000000e+06
4.000000000000000000e+01 5.000000000000000000e+04 2.000000000000000000e+01 1.000000000000000000e+00 1.000000000000000048e-04 1.000000000000000048e-04 1.925408834888736901e-04 3.850817669777473803e-04 1.000000000000000000e+07 1.000000000000000000e+06
4.000000000000000000e+01 5.000000000000000000e+04 2.050000000000000000e+01 1.000000000000000000e+00 1.000000000000000048e-04 1.000000000000000048e-04 1.925408834888736901e-04 3.850817669777473803e-04 1.000000000000000000e+07 1.000000000000000000e+06
4.000000000000000000e+01 5.000000000000000000e+04 2.100000000000000000e+01 1.000000000000000000e+00 1.000000000000000048e-04 1.000000000000000048e-04 1.925408834888736901e-04 3.850817669777473803e-04 1.000000000000000000e+07 1.000000000000000000e+06
4.000000000000000000e+01 5.000000000000000000e+04 2.150000000000000000e+01 1.000000000000000000e+00 1.000000000000000048e-04 1.000000000000000048e-04 1.925408834888736901e-04 3.850817669777473803e-04 1.000000000000000000e+07 1.000000000000000000e+06
4.000000000000000000e+01 5.000000000000000000e+04 2.200000000000000000e+01 1.000000000000000000e+00 1.000000000000000048e-04 1.000000000000000048e-04 1.925408834888736901e-04 3.850817669777473803e-04 1.000000000000000000e+07 1.000000000000000000e+06
4.000000000000000000e+01 5.000000000000000000e+04 2.250000000000000000e+01 1.000000000000000000e+00 1.000000000000000048e-04 1.000000000000000048e-04 1.925408834888736901e-04 3.850817669777473803e-04 1.000000000000000000e+07 1.000000000000000000e+06
4.000000000000000000e+01 5.000000000000000000e+04 2.300000000000000000e+01 1.000000000000000000e+00 1.000000000000000048e-04 1.000000000000000048e-04 1.925408834888736901e-04 3.850817669777473803e-04 1.000000000000000000e+07 1.000000000000000000e+06
4.000000000000000000e+01 5.000000000000000000e+04 2.350000000000000000e+01 1.000000000000000000e+00 1.000000000000000048e-04 1.000000000000000048e-04 1.925408834888736901e-04 3.850817669777473803e-04 1.000000000000000000e+07 1.000000000000000000e+06
4.000000000000000000e+01 5.000000000000000000e+04 2.400000000000000000e+01 1.000000000000000000e+00 1.000000000000000048e-04 1.000000000000000048e-04 1.925408834888736901e-04 3.850817669777473803e-04 1.000000000000000000e+07 1.000000000000000000e+06
4.000000000000000000e+01 5.000000000000000000e+04 2.450000000000000000e+01 1.000000000000000000e+00 1.000000000000000048e-04 1.000000000000000048e-04 1.925408834888736901e-04 3.850817669777473803e-04 1.000000000000000000e+07 1.000000000000000000e+06
4.000000000000000000e+01 5.000000000000000000e+04 2.500000000000000000e+01 1.000000000000000000e+00 1.000000000000000048e-04 1.000000000000000048e-04 1.925408834888736901e-04 3.850817669777473803e-04 1.000000000000000000e+07 1.000000000000000000e+06
4.000000000000000000e+01 5.000000000000000000e+04 2.550000000000000000e+01 1.000000000000000000e+00 1.000000000000000048e-04 1.000000000000000048e-04 1.925408834888736901e-04 3.850817669777473803e-04 1.000000000000000000e+07 1.000000000000000000e+06
4.000000000000000000e+01 5.000000000000000000e+04 2.600000000000000000e+01 1.000000000000000000e+00 1.000000000000000048e-04 1.000000000000000048e-04 1.925408834888736901e-04 3.850817669777473803e-04 1.000000000000000000e+07 1.000000000000000000e+06
4.000000000000000000e+01 5.000000000000000000e+04 2.650000000000000000e+01 1.000000000000000000e+00 1.000000000000000048e-04 1.000000000000000048e-04 1.925408834888736901e-04 3.850817669777473803e-04 1.000000000000000000e+07 1.000000000000000000e+06
4.000000000000000000e+01 5.000000000000000000e+04 2.700000000000000000e+01 1.000000000000000000e+00 1.000000000000000048e-04 1.000000000000000048e-04 1.925408834888736901e-04 3.850817669777473803e-04 1.000000000000000000e+07 1.000000000000000000e+06
4.000000000000000000e+01 5.000000000000000000e+04 2.750000000000000000e+01 1.000000000000000000e+00 1.000000000000000048e-04 1.000000000000000048e-04 1.925408834888736901e-04 3.850817669777473803e-04 1.000000000000000000e+07 1.000000000000000000e+06
4.000000000000000000e+01 5.000000000000000000e+04 2.800000000000000000e+01 1.000000000000000000e+00 1.000000000000000048e-04 1.000000000000000048e-04 1.925408834888736901e-04 3.850817669777473803e-04 1.000000000000000000e+07 1.000000000000000000e+06
4.000000000000000000e+01 5.000000000000000000e+04 2.850000000000000000e+01 1.000000000000000000e+00 1.000000000000000048e-04 1.000000000000000048e-04 1.925408834888736901e-04 3.850817669777473803e-04 1.000000000000000000e+07 1.000000000000000000e+06
4.000000000000000000e+01 5.000000000000000000e+04 2.900000000000000000e+01 1.000000000000000000e+00 1.000000000000000048e-04 1.000000000000000048e-04 1.925408834888736901e-04 3.850817669777473803e-04 1.000000000000000000e+07 1.000000000000000000e+06
4.000000000000000000e+01 5.000000000000000000e+04 2.950000000000000000e+01 1.000000000000000000e+00 1.000000000000000048e-04 1.000000000000000048e-04 1.925408834888736901e-04 3.850817669777473803e-04 1.000000000000000000e+07 1.000000000000000000e+06
4.000000000000000000e+01 5.000000000000000000e+04 3.000000000000000000e+01 1.000000000000000000e+00 1.000000000000000048e-04 1.000000000000000048e-04 1.925408834888736901e-04 3.850817669777473803e-04 1.000000000000000000e+07 1.000000000000000000e+06
4.000000000000000000e+01 5.000000000000000000e+04 3.050000000000000000e+01 1.000000000000000000e+00 1.000000000000000048e-04 1.000000000000000048e-04 1.925408834888736901e-04 3.850817669777473803e-04 1.000000000000000000e+07 1.000000000000000000e+06
4.000000000000000000e+01 5.000000000000000000e+04 3.100000000000000000e+01 1.000000000000000000e+00 1.000000000000000048e-04 1.000000000000000048e-04 1.925408834888736901e-04 3.850817669777473803e-04 1.000000000000000000e+07 1.000000000000000000e+06
4.000000000000000000e+01 5.000000000000000000e+04 3.150000000000000000e+01 1.000000000000000000e+00 1.000000000000000048e-04 1.000000000000000048e-04 1.925408834888736901e-04 3.850817669777473803e-04 1.000000000000000000e+07 1.000000000000000000e+06
4.000000000000000000e+01 5.000000000000000000e+04 3.200000000000000000e+01 1.000000000000000000e+00 1.000000000000000048e-04 1.000000000000000048e-04 1.925408834888736901e-04 3.850817669777473803e-04 1.000000000000000000e+07 1.000000000000000000e+06
4.000000000000000000e+01 5.000000000000000000e+04 3.250000000000000000e+01 1.000000000000000000e+00 1.000000000000000048e-04 1.000000000000000048e-04 1.925408834888736901e-04 3.850817669777473803e-04 1.000000000000000000e+07 1.000000000000000000e+06
4.000000000000000000e+01 5.000000000000000000e+04 3.300000000000000000e+01 1.000000000000000000e+00 1.000000000000000048e-04 1.000000000000000048e-04 1.925408834888736901e-04 3.850817669777473803e-04 1.000000000000000000e+07 1.000000000000000000e+06
4.000000000000000000e+01 5.000000000000000000e+04 3.350000000000000000e+01 1.000000000000000000e+00 1.000000000000000048e-04 1.000000000000000048e-04 1.925408834888736901e-04 3.850817669777473803e-04 1.000000000000000000e+07 1.000000000000000000e+06
4.000000000000000000e+01 5.000000000000000000e+04 3.400000000000000000e+01 1.000000000000000000e+00 1.000000000000000048e-04 1.000000000000000048e-04 1.925408834888736901e-04 3.850817669777473803e-04 1.000000000000000000e+07 1.000000000000000000e+06
4.000000000000000000e+01 5.000000000000000000e+04 3.450000000000000000e+01 1.000000000000000000e+00 1.000000000000000048e-04 1.000000000000000048e-04 1.925408834888736901e-04 3.850817669777473803e-04 1.000000000000000000e+07 1.000000000000000000e+06
4.000000000000000000e+01 5.000000000000000000e+04 3.500000000000000000e+01 1.000000000000000000e+00 1.000000000000000048e-04 1.000000000000000048e-04 1.925408834888736901e-04 3.850817669777473803e-04 1.000000000000000000e+07 1.000000000000000000e+06
4.000000000000000000e+01 5.000000000000000000e+04 3.550000000000000000e+01 1.000000000000000000e+00 1.000000000000000048e-04 1.000000000000000048e-04 1.925408834888736901e-04 3.850817669777473803e-04 1.000000000000000000e+07 1.000000000000000000e+06
4.000000000000000000e+01 5.000000000000000000e+04 3.600000000000000000e+01 1.000000000000000000e+00 1.000000000000000048e-04 1.000000000000000048e-04 1.925408834888736901e-04 3.850817669777473803e-04 1.000000000000000000e+07 1.000000000000000000e+06
4.000000000000000000e+01 5.000000000000000000e+04 3.650000000000000000e+01 1.000000000000000000e+00 1.000000000000000048e-04 1.000000000000000048e-04 1.925408834888736901e-04 3.850817669777473803e-04 1.000000000000000000e+07 1.000000000000000000e+06
4.000000000000000000e+01 5.000000000000000000e+04 3.700000000000000000e+01 1.000000000000000000e+00 1.000000000000000048e-04 1.000000000000000048e-04 1.925408834888736901e-04 3.850817669777473803e-04 1.000000000000000000e+07 1.000000000000000000e+06
4.000000000000000000e+01 5.000000000000000000e+04 3.750000000000000000e+01 1.000000000000000000e+00 1.000000000000000048e-04 1.000000000000000048e-04 1.925408834888736901e-04 3.850817669777473803e-04 1.000000000000000000e+07 1.000000000000000000e+06
4.000000000000000000e+01 5.000000000000000000e+04 3.800000000000000000e+01 1.000000000000000000e+00 1.000000000000000048e-04 1.000000000000000048e-04 1.925408834888736901e-04 3.850817669777473803e-04 1.000000000000000000e+07 1.000000000000000000e+06
4.000000000000000000e+01 5.000000000000000000e+04 3.850000000000000000e+01 1.000000000000000000e+00 1.000000000000000048e-04 1.000000000000000048e-04 1.925408834888736901e-04 3.850817669777473803e-04 1.000000000000000000e+07 1.000000000000000000e+06
4.000000000000000000e+01 5.000000000000000000e+04 3.900000000000000000e+01 1.000000000000000000e+00 1.000000000000000048e-04 1.000000000000000048e-04 1.925408834888736901e-04 3.850817669777473803e-04 1.000000000000000000e+07 1.000000000000000000e+06
4.000000000000000000e+01 5.000000000000000000e+04 3.950000000000000000e+01 1.000000000000000000e+00 1.000000000000000048e-04 1.000000000000000048e-04 1.925408834888736901e-04 3.850817669777473803e-04 1.000000000000000000e+07 1.000000000000000000e+06
4.000000000000000000e+01 5.000000000000000000e+04 4.000000000000000000e+01 1.000000000000000000e+00 1.000000000000000048e-04 1.000000000000000048e-04 1.925408834888736901e-04 3.850817669777473803e-04 1.000000000000000000e+07 1.000000000000000000e+06
