4.000000000000000000e+01 5.000000000000000000e+04 1.666666666666666785e+01 1.000000000000000000e+00 1.000000000000000048e-04 1.000000000000000048e-04 1.925408834888736901e-04 3.850817669777473803e-04 1.000000000000000000e+07 1.000000000000000000e+06
5.000000000000000000e+01 5.000000000000000000e+04 1.666666666666666785e+01 1.000000000000000000e+00 1.000000000000000048e-04 1.000000000000000048e-04 1.925408834888736901e-04 3.850817669777473803e-04 1.000000000000000000e+07 1.000000000000000000e+06
6.000000000000000000e+01 5.000000000000000000e+04 1.666666666666666785e+01 1.000000000000000000e+00 1.000000000000000048e-04 1.000000000000000048e-04 1.925408834888736901e-04 3.850817669777473803e-04 1.000000000000000000e+07 1.000000000000000000e+06
7.000000000000000000e+01 5.000000000000000000e+04 1.666666666666666785e+01 1.000000000000000000e+00 1.000000000000000048e-04 1.000000000000000048e-04 1.925408834888736901e-04 3.850817669777473803e-04 1.000000000000000000e+07 1.000000000000000000e+06
8.000000000000000000e+01 5.000000000000000000e+04 1.666666666666666785e+01 1.000000000000000000e+00 1.000000000000000048e-04 1.000000000000000048e-04 1.925408834888736901e-04 3.850817669777473803e-04 1.000000000000000000e+07 1.000000000000000000e+06
9.000000000000000000e+01 5.000000000000000000e+04 1.666666666666666785e+01 1.000000000000000000e+00 1.000000000000000048e-04 1.000000000000000048e-04 1.925408834888736901e-04 3.850817669777473803e-04 1.000000000000000000e+07 1.000000000000000000e+06
1.000000000000000000e+02 5.000000000000000000e+04 1.666666666666666785e+01 1.000000000000000000e+00 1.000000000000000048e-04 1.000000000000000048e-04 1.925408834888736901e-04 3.850817669777473803e-04 1.000000000000000000e+07 1.000000000000000000e+06
1.100000000000000000e+02 5.000000000000000000e+04 1.666666666666666785e+01 1.000000000000000000e+00 1.000000000000000048e-04 1.000000000000000048e-04 1.925408834888736901e-04 3.850817669777473803e-04 1.000000000000000000e+07 1.000000000000000000e+06
1.200000000000000000e+02 5.000000000000000000e+04 1.666666666666666785e+01 1.000000000000000000e+00 1.000000000000000048e-04 1.000000000000000048e-04 1.925408834888736901e-04 3.850817669777473803e-04 1.000000000000000000e+07 1.000000000000000000e+06
1.300000000000000000e+02 5.000000000000000000e+04 1.666666666666666785e+01 1.000000000000000000e+00 1.000000000000000048e-04 1.000000000000000048e-04 1.925408834888736901e-04 3.850817669777473803e-04 1.000000000000000000e+07 1.000000000000000000e+06
1.400000000000000000e+02 5.000000000000000000e+04 1.666666666666666785e+01 1.000000000000000000e+00 1.000000000000000048e-04 1.000000000000000048e-04 1.925408834888736901e-04 3.850817669777473803e-04 1.000000000000000000e+07 1.000000000000000000e+06
1.500000000000000000e+02 5.000000000000000000e+04 1.666666666666666785e+01 1.000000000000000000e+00 1.000000000000000048e-04 1.000000000000000048e-04 1.925408834888736901e-04 3.850817669777473803e-04 1.000000000000000000e+07 1.000000000000000000e+06
1.600000000000000000e+02 5.000000000000000000e+04 1.666666666666666785e+01 1.000000000000000000e+00 1.000000000000000048e-04 1.000000000000000048e-04 1.925408834888736901e-04 3.850817669777473803e-04 1.000000000000000000e+07 1.000000000000000000e+06
